15 15 15 15 15 15 15 15 15 15 15 15 15 15 15 15 0  0  0  0  0  0  0  0  0  0  0  0  0  0  0  0  0  0  0  0  
15 15 15 15 15 15 15 15 15 15 15 15 15 15 15 15 0  0  0  0  0  0  0  0  0  0  0  0  0  0  0  0  0  0  0  0  
15 15 15 15 15 15 15 15 15 15 15 15 15 15 15 15 0  0  0  0  0  0  0  0  0  0  0  0  0  0  0  0  0  0  0  0  
15 15 15 15 15 15 15 15 15 15 15 15 15 15 15 15 0  0  0  0  0  0  0  0  0  0  0  0  0  0  0  0  0  0  0  0  
15 15 15 15 15 15 15 15 15 15 15 15 15 15 15 15 0  0  0  0  0  0  0  0  0  0  0  0  0  0  0  0  0  0  0  0  
15 15 15 15 15 15 15 15 15 15 15 15 15 15 15 15 0  0  0  0  0  0  0  0  0  0  0  0  0  0  0  0  0  0  0  0  
15 15 15 15 15 15 15 15 15 15 15 15 15 15 15 15 0  0  0  0  0  0  0  0  0  0  0  0  0  0  0  0  0  0  0  0  
15 15 15 15 15 15 15 15 15 15 15 15 15 15 15 15 0  0  0  0  0  0  0  0  0  47 47 47 47 47 47 47 47 47 47 47 
15 15 15 15 15 15 15 15 15 15 15 15 15 15 15 15 47 47 47 47 47 47 47 47 47 47 47 47 47 47 47 47 47 47 47 47 
15 15 15 15 15 15 15 15 15 15 15 15 15 15 15 15 47 47 47 47 47 47 47 47 47 47 47 47 47 47 47 47 47 47 47 47 
15 15 15 15 15 15 15 15 15 15 15 15 15 15 15 15 47 47 47 47 47 47 47 47 47 47 47 47 47 47 47 47 47 47 47 47 
15 15 15 15 15 15 15 15 15 15 15 15 15 15 15 15 47 47 47 47 47 47 47 47 47 47 47 47 47 47 47 47 47 47 47 47 
15 15 15 15 15 15 15 15 15 15 15 15 15 15 15 15 47 47 47 47 47 47 47 47 47 47 47 47 47 47 47 47 47 47 47 47 
15 15 15 15 15 15 15 15 15 15 15 15 15 15 15 15 47 47 47 47 47 47 47 47 47 47 47 47 47 47 47 47 47 47 47 47 
15 15 15 15 15 15 15 15 15 15 15 15 15 15 15 15 28 28 28 28 47 47 47 47 47 47 47 47 47 47 47 47 47 47 47 47 
15 15 15 15 15 15 15 15 15 15 15 15 15 15 15 15 28 28 28 28 28 47 47 47 47 47 47 47 47 47 47 47 47 47 47 47 
15 15 15 15 15 15 15 15 15 15 15 15 15 15 15 15 28 28 28 28 28 28 47 47 47 47 47 47 47 47 47 47 47 47 47 47 
15 15 15 15 15 15 15 15 15 15 15 15 15 15 15 15 28 28 28 28 28 28 28 47 47 47 47 47 47 47 47 47 47 47 47 47 
15 15 15 15 15 15 15 15 15 15 15 15 15 15 15 15 28 28 28 28 28 28 28 28 47 47 47 47 47 47 47 47 47 47 47 47 
15 15 15 15 15 15 15 15 15 15 15 15 15 15 15 15 28 28 28 28 28 28 28 28 28 47 47 47 47 47 47 47 47 47 47 47 
15 15 15 15 15 15 15 15 15 15 15 15 15 15 15 15 28 28 28 28 28 28 28 28 28 28 28 28 28 28 28 28 28 28 28 28 
15 15 15 15 15 15 15 15 15 15 15 15 15 15 15 15 28 28 28 28 28 28 28 28 28 28 28 28 28 28 28 28 28 28 28 28 
15 15 15 15 15 15 15 15 15 15 15 15 15 15 15 32 28 28 28 28 28 28 28 28 28 28 28 28 28 28 28 28 28 28 28 28 
15 15 15 15 15 15 15 15 15 15 15 15 15 15 32 32 28 28 28 28 28 28 28 28 28 28 28 28 28 28 28 28 28 28 28 28 
15 15 15 15 15 15 15 15 15 15 15 15 15 32 32 32 28 28 28 28 28 28 28 28 28 28 28 28 28 28 28 28 28 28 28 28 
15 15 15 15 15 15 15 15 15 15 15 15 32 32 32 32 28 28 28 28 28 28 28 28 28 28 28 28 28 28 28 28 28 28 28 28 
15 15 15 15 15 15 15 15 15 15 15 15 32 32 32 32 32 28 28 28 28 28 28 28 28 28 28 28 28 28 28 28 28 28 28 28 
15 15 15 15 15 15 15 15 15 15 15 15 32 32 32 32 32 32 28 28 28 28 28 28 28 28 28 28 28 28 28 28 28 28 28 28 
15 15 15 15 15 15 15 15 15 15 15 15 32 32 32 32 32 32 28 28 28 28 28 28 28 28 28 28 28 28 28 28 28 28 28 28 
15 15 15 15 15 15 15 15 15 15 15 15 35 35 35 35 35 35 28 28 28 28 28 28 28 28 28 28 28 28 28 28 28 28 28 28 
15 15 15 15 15 15 15 15 15 15 15 15 35 35 35 35 35 35 28 28 28 28 28 28 28 28 28 28 28 28 28 28 28 28 28 28 
15 15 15 15 15 15 15 15 15 15 15 15 35 35 35 35 35 35 28 28 28 28 28 28 28 28 28 28 28 28 28 28 28 28 28 28 
15 15 15 15 15 15 15 15 15 15 15 15 35 35 35 35 35 35 28 28 28 28 28 28 28 28 28 28 28 28 28 28 28 28 28 28 
15 15 15 15 15 15 15 15 15 15 15 15 35 35 35 35 35 35 28 28 28 28 28 28 28 28 28 28 28 28 28 28 28 28 28 28 
15 15 15 15 15 15 15 15 15 15 15 15 35 35 35 35 35 35 28 28 28 28 28 28 28 28 28 28 28 28 28 28 28 28 28 28 
15 15 15 15 15 15 15 15 15 15 15 15 35 35 35 35 35 35 28 28 28 28 28 28 28 28 28 28 28 28 28 28 28 28 28 28 

